0.44832535361 0.398051392517 0.562333528687 3.0
0.158732593429 0.341954665989 0.987244158712 2.0
0.285429426008 0.0689252328072 0.47449628503 1.0
0.823200727488 0.628480073639 0.252489286522 1.0
0.420102330372 0.0798202659175 0.0785782958885 1.0
0.799721713979 0.484801893214 0.608960546188 1.0
0.393851412795 0.326529855207 0.715335161751 3.0
0.467454778522 0.634645418459 0.320311905196 3.0
0.739506754462 0.412612122872 0.441536366807 1.0
0.388756806504 0.586689815252 0.889360059633 3.0
0.550458514566 0.177993014983 0.490309326053 1.0
0.693249920568 0.400867111113 0.98463609585 1.0
0.061014757924 0.233058638679 0.429366587168 2.0
0.559332990041 0.22372101541 0.368320564508 1.0
0.847698662255 0.731359756941 0.194878777309 1.0
0.478487614081 0.0903212141066 0.112211624323 1.0
0.672312732133 0.359320646164 0.748369444292 1.0
0.763347320675 0.68067103809 0.153554643904 1.0
0.171671797793 0.0 0.737168171364 2.0
0.312118589287 0.503292669385 0.769427530497 3.0
0.0710724967953 0.169233994805 0.4847414453 2.0
0.413134223703 0.143004019867 0.49149148263 1.0
0.247827944737 0.253251905688 0.376041469321 2.0
0.3153396952 0.315201156594 0.109747568552 3.0
0.216263298018 0.134648549532 0.994506483565 2.0
0.403054572546 0.59553755712 0.382717142333 3.0
0.0628992144446 0.0 0.976924043932 2.0
0.312984124549 0.476527639555 0.430885743947 3.0
0.0745894185575 0.0652428524425 0.37710204614 2.0
0.455896048119 0.011016260592 0.679217710984 1.0
0.401663142441 0.567197478277 0.520346018351 3.0
0.477742596387 0.00575830538512 0.797266344067 1.0
0.168286349742 0.408483265899 0.790429548367 3.0
0.698958070842 0.279963253159 0.0937521578932 1.0
0.117701839536 0.462042007139 0.458857350942 2.0
0.775782542482 0.467450636251 0.639147737702 1.0
0.788962781984 0.235809250087 0.372335057287 1.0
0.0647946271077 0.105942398112 0.345817095648 2.0
0.162709673178 0.683847092947 0.37250680345 3.0
0.36761145136 0.601925471008 0.404533036348 3.0
0.492500520417 0.163707245383 0.592168965173 1.0
0.196487460695 0.0 0.0864142883364 2.0
0.303901482366 0.407939224113 0.120498524222 3.0
0.320905415621 0.469877337005 0.140149590318 3.0
0.463773514621 0.549356770137 0.15483300194 3.0
0.399121317367 0.170701679101 0.490508221093 1.0
0.434115236707 0.0846693651891 0.121848885804 1.0
0.355022843557 0.167974682195 0.584703023736 1.0
0.298752095362 0.210244209798 0.574770075562 1.0
0.0600067928084 0.204443407871 0.692720146415 2.0
0.156168856069 0.284235135615 0.952033244391 2.0
0.75173380956 0.659627123196 0.426838790553 1.0
0.455107205855 0.496841034585 0.981235993982 3.0
0.086739780658 0.143770104892 0.174783295886 2.0
0.233705476976 0.0493293553255 0.286254227995 2.0
0.0913523166763 0.22712045198 0.0374990925783 2.0
0.0567089938974 0.176500186502 0.976153842068 2.0
0.207980454242 0.49944627818 0.157284073465 3.0
0.754187985494 0.506028461976 0.193819971069 1.0
0.147228643739 0.0766993753008 0.0400788261769 2.0
0.535196607978 0.175889651251 0.566768238882 1.0
0.134596211366 0.18141797816 0.410501658147 2.0
0.0857427716849 0.12103077395 0.978550025644 2.0
0.0609709333538 0.465279297171 0.576376580906 2.0
0.113352250939 0.291264656467 0.833731418511 2.0
0.0199730478893 0.368699809922 0.621928266763 2.0
0.106756653118 0.548313621041 0.448136495115 3.0
0.184687695156 0.137983691558 0.550803518259 2.0
0.430970823792 0.480625520421 0.671164527512 3.0
0.714669179275 0.476710341225 0.51979477809 1.0
0.0269849791285 0.11165667727 0.805606951529 2.0
0.29968336748 0.543762379986 0.901502100202 3.0
0.17739090421 0.0 0.356749830762 2.0
0.134300395517 0.19727129176 0.210312324233 2.0
0.464288453321 0.302089802125 0.624097226034 1.0
0.280553942568 0.414952061845 0.0506379691223 3.0
0.848553241375 0.710174633063 0.666131361617 1.0
0.643476164912 0.117321289491 0.130564856014 1.0
0.508649874552 0.348586468919 0.323101747502 3.0
0.358134388045 0.418040590078 0.505318524211 3.0
0.710944090805 0.410098851546 0.402447884483 1.0
0.0937188434696 0.119855641779 0.512299917196 2.0
0.316205230462 0.545689830023 0.887833230345 3.0
0.460705794704 0.231294960469 0.991368427389 1.0
0.352711097477 0.494255676886 0.343781519995 3.0
0.710998871517 0.314242187938 0.678885432325 1.0
0.0258017157319 0.312600406447 0.272025264982 2.0
0.0 0.105603620839 0.42636191461 2.0
0.771378173173 0.535216368349 0.492911486985 1.0
0.628871626878 0.202185785036 0.0750117595955 1.0
0.457221741369 0.454409169234 0.00242982457693 3.0
0.125217753333 0.413623052993 0.795449139823 3.0
0.824668850591 0.81747801999 0.288932523825 1.0
0.0598095822423 0.376294644733 0.422876824951 2.0
0.805495601109 0.394951630665 0.802951673227 1.0
0.441302466228 0.430971107179 0.97818528637 3.0
0.235995310771 0.440518058186 0.475463021163 3.0
0.19385798648 0.304742131316 0.0191942567139 2.0
0.244639707252 0.1081302291 0.602594724501 1.0
0.510227559081 0.271380815914 0.41804137371 1.0
0.464573313028 0.539835967171 0.122063716056 3.0
0.368718021759 0.315021418688 0.797917917138 1.0
0.10047878343 0.225244102959 0.113913740932 2.0
0.30810864111 0.419138234177 0.653275777712 3.0
0.373549680628 0.549850714762 0.321030170076 3.0
0.0194361969038 0.223850751761 0.340515391938 2.0
0.439680957129 0.594979222346 0.176820642118 3.0
0.153320259003 0.617054765901 0.977693655602 3.0
0.844324170346 0.602366163498 0.574476749642 1.0
0.122818358112 0.187838350037 0.014347591806 2.0
0.0670735047604 0.466147536427 0.696955371376 3.0
0.168078183033 0.145500082244 0.52350827244 2.0
0.486156913874 0.209926322277 0.475662506396 1.0
0.31174608044 0.559065007233 0.400067636118 3.0
0.698684167278 0.376672428956 0.0903626794998 1.0
0.100982765988 0.268323980828 0.550340806947 2.0
0.756806503566 0.436924303906 0.501749036953 1.0
0.268304975184 0.203574403773 0.121423946845 1.0
0.184841081152 0.325049837832 0.72004431169 2.0
0.435791526519 0.418404893957 0.285217849089 3.0
0.0646521972544 0.0536839363405 0.695953223664 2.0
0.449059415161 0.517857797583 0.935025062546 3.0
0.0819409902162 0.14587538073 0.0151236955997 2.0
0.424747734818 0.253755936669 0.0174266286818 3.0
0.054046651255 0.0880425103095 0.0159015699724 2.0
0.354003922299 0.108128508205 0.946933386687 1.0
0.290348734018 0.553253162897 0.625717305816 3.0
0.410121284498 0.384274099543 0.639033830453 3.0
0.257502218619 0.513113816305 0.0605296037857 3.0
0.751668072705 0.461864707167 0.206340915543 1.0
0.303945306936 0.430503358398 0.323178472592 3.0
0.123837279371 0.0 0.317509078644 2.0
0.0 0.275206460775 0.626322843833 2.0
0.35858358989 0.438094703616 0.958124626334 3.0
0.269729273717 0.0630201255307 0.846978300374 1.0
0.464693830596 0.672850622646 0.410053111468 3.0
0.221423641164 0.483167521131 0.771525076415 3.0
0.3640178366 0.380522978989 0.719211549369 3.0
0.596923515169 0.30198320225 0.0100645612122 1.0
0.202414733821 0.605381840515 0.350867967334 3.0
0.371698092536 0.138945241556 0.34260762612 1.0
0.480591193453 0.11416421228 0.538717546025 1.0
0.290852716576 0.287985586932 0.286278425908 3.0
0.486496554293 0.345458360105 0.740204124151 3.0
0.182682721068 0.200006080495 0.751984966604 2.0
0.0889967460257 0.566471308452 0.646748243143 3.0
0.468342226069 0.557464622824 0.688624797195 3.0
0.614135615133 0.170892841837 0.291266146943 1.0
0.119783506623 0.0 0.062748729462 2.0
0.198536259354 0.379440918549 0.533323772207 3.0
0.123497638951 0.160857156693 0.597823604297 2.0
0.178552255322 0.0 0.216208352293 2.0
0.308612623667 0.662576641367 0.762596636726 3.0
0.44879646774 0.492688085083 0.714392033339 3.0
0.347145377056 0.345517539767 0.395142475541 3.0
0.604384648253 0.21552965152 0.610871000926 1.0
0.192773328367 0.0175114435922 0.0959040015676 2.0
0.0204003374492 0.157722116496 0.338768420661 2.0
0.625453310398 0.0274046290829 0.358104913888 1.0
0.691135385054 0.439006873493 0.00656530692102 1.0
0.561096928993 0.374899142416 0.625297678594 3.0
0.0710724967953 0.227108596926 0.328787076662 2.0
0.0526442650072 0.546800094018 0.917855167818 3.0
0.331993031893 0.394040130025 0.661967550009 3.0
0.752467871112 0.37998395648 0.15977055657 1.0
0.192729503796 0.376468550718 0.133341714074 2.0
0.81503840128 0.457427571001 0.214653193741 1.0
0.407754757705 0.370475343186 0.512250931177 3.0
0.469076287621 0.0 0.893633056946 1.0
0.161471629069 0.162339181779 0.373486523828 2.0
0.2179834124 0.569620546031 0.0142460786102 3.0
0.160759479802 0.0220254463941 0.40630656631 2.0
0.350717079531 0.625620137606 0.280250784809 3.0
0.643519989482 0.21936705583 0.986474547042 1.0
0.599783068377 0.401409097386 0.904734587257 1.0
0.323008994993 0.265915158259 0.996382707109 1.0
0.303463236664 0.521295332852 0.364700910845 3.0
0.125371139329 0.0626903351534 0.689776853929 2.0
0.614825852114 0.508962778909 0.577790093138 3.0
0.432921017168 0.0 0.283742366591 1.0
0.29172920798 0.406466998567 0.489686082246 3.0
0.181050255826 0.020884015081 0.822822291117 2.0
0.266979281934 0.292928188157 0.649816066352 1.0
0.242788119159 0.579009031304 0.211598354778 3.0
0.0660655396448 0.0604688033074 0.673071441092 2.0
0.0708643300867 0.290045737083 0.782531585654 2.0
0.25138869107 0.382945186296 0.991814613297 3.0
0.202907760236 0.181223803857 0.178778902489 2.0
0.382522761386 0.562789740732 0.744507811499 3.0
0.0670625486179 0.398654279347 0.851176933369 2.0
0.417023654312 0.122522550773 0.863367959957 1.0
0.256483297361 0.284627212826 0.562233195877 1.0
0.384264788053 0.444008749985 0.452183448509 3.0
0.57973332749 0.190101326767 0.6149533659 1.0
0.184074151173 0.410396470751 0.8584664071 3.0
0.104444907037 0.0608023700929 0.469410001765 2.0
0.183197659768 0.0 0.142603612807 2.0
0.0638962234177 0.0 0.0522869683615 2.0
0.488545352952 0.55074840044 0.176883202576 3.0
0.111128154 0.0544685687877 0.244467973472 2.0
0.236751284608 0.272431517826 0.820802650675 2.0
0.260942447383 0.117086721963 0.779883389667 1.0
0.171354069659 0.0 0.72429901302 2.0
0.0969289932401 0.151456194932 0.0311840274888 2.0
0.558094945931 0.498515035052 0.664026733382 3.0
0.312480141992 0.14068650033 0.853218410953 1.0
0.36046804641 0.499123945014 0.574922935549 3.0
0.469470708753 0.596517797949 0.960580419403 3.0
0.147896968435 0.279975347225 0.214078935953 2.0
0.442025571637 0.118379400812 0.0560205292733 1.0
0.477107140118 0.0873180613794 0.478233977293 1.0
0.775234735354 0.20672015176 0.193039735924 1.0
0.216712499863 0.0657804886758 0.694776969017 2.0
0.487373045698 0.255383759791 0.232164810215 1.0
0.596693436175 0.565769087747 0.408499133302 3.0
0.220054123344 0.593884972233 0.839908378439 3.0
0.463346225061 0.581340891631 0.0412987551059 3.0
0.520964578791 0.389513077104 0.972660489707 3.0
0.130794429897 0.0731890366187 0.913972878271 2.0
0.445904046103 0.153012027286 0.182088114634 1.0
0.776878156739 0.423659981006 0.312418664027 1.0
0.81063403197 0.304529122775 0.217305521078 1.0
0.130071324488 0.118017104643 0.0849311333299 2.0
0.53096753695 0.528420458973 0.0828347677974 3.0
0.175155851128 0.0973777912496 0.421449148086 2.0
0.767324400425 0.638835845226 0.323907360946 1.0
0.361191151819 0.489935657176 0.113068584558 3.0
0.692965060861 0.500218816561 0.984802530275 1.0
0.468868120912 0.450519468842 0.00741813580459 3.0
0.158414865294 0.213147263808 0.15775150632 2.0
0.218827035377 0.0 0.339254739692 2.0
0.0601930472319 0.463020240257 0.60710320882 3.0
0.743943992199 0.652477378718 0.620565511128 1.0
0.280707328564 0.630093603773 0.160448688326 3.0
0.301786946852 0.18535337787 0.236339245297 1.0
0.642643498077 0.0675906310469 0.265719052787 1.0
0.0802756565468 0.203112725927 0.843440683538 2.0
0.707273783046 0.419668078581 0.498589733829 1.0
0.0985833707668 0.198679796393 0.0566307888343 2.0
0.128756587381 0.266739562498 0.0928048981297 2.0
0.836161844138 0.718972660191 0.806051366857 1.0
0.303101683959 0.611580694982 0.770890618941 3.0
0.738630263057 0.155591696472 0.39447909861 1.0
0.238931556977 0.512712274173 0.346698253796 3.0
0.167913840895 0.394681163357 0.4513412431 2.0
0.219747351353 0.384041205106 0.954581697761 3.0
0.869271306958 0.511609228375 0.120184541547 1.0
0.171310245089 0.242024548661 0.66774376889 2.0
0.390060587468 0.514943653361 0.393992189386 3.0
0.312732133271 0.090459507129 0.493325802471 1.0
0.631764048514 0.048757062182 0.219058394286 1.0
0.862544235426 0.743141815742 0.430006356379 1.0
0.747811510523 0.556336863064 0.240780447614 1.0
0.163947717288 0.163861982512 0.575119469818 2.0
0.239227372827 0.53759674835 0.870198263534 3.0
0.0820286393567 0.0 0.380018779941 2.0
0.0953184402835 0.0 0.839762600768 2.0
0.287335794813 0.394015750681 0.164022306935 3.0
0.721998838649 0.41588579071 0.0594035155436 1.0
0.0716860407788 0.0388321835445 0.152965041098 2.0
0.510074173085 0.117032083551 0.693873973728 1.0
0.778302455272 0.632432586693 0.362963382656 1.0
0.522136886045 0.0112877795576 0.200479118677 1.0
0.214740394202 0.533277875903 0.197109706845 3.0
0.41000076693 0.527245661421 0.297819059811 3.0
0.0149332223111 0.138684095762 0.971149005436 2.0
0.290721242865 0.187605933626 0.673979157924 1.0
0.522684693173 0.120692379098 0.762347575281 1.0
0.416936005171 0.168622551304 0.854600642956 1.0
0.0688703121405 0.161777548623 0.524157484739 2.0
0.117745664107 0.0 0.653010781056 2.0
0.49174454658 0.568798292911 0.239196369605 3.0
0.622560888762 0.168738138075 0.811331233427 1.0
0.745959922431 0.546990109491 0.410634451572 1.0
0.769581365793 0.492756490654 0.248805301822 1.0
0.124998630482 0.408259788581 0.428608189164 2.0
0.741413123268 0.342121019158 0.997736609849 1.0
0.670932258171 0.0344501638172 0.499549977838 1.0
0.194734477885 0.0109661634308 0.612293956247 2.0
0.584795065353 0.162496978276 0.0450582845096 1.0
0.338873489422 0.294332247146 0.341708171989 1.0
0.317585704425 0.0592608307266 0.424250204059 1.0
0.149606126675 0.288577526958 0.0090842506408 2.0
0.0791800422907 0.251378042405 0.550393924317 2.0
0.442726764761 0.592418100582 0.926676782575 3.0
0.149058319547 0.460225268004 0.551645133475 2.0
0.289242163619 0.532064979651 0.352022975033 3.0
0.147809319295 0.422699339258 0.205748361772 3.0
0.331226101914 0.511010643782 0.85898990829 3.0
0.473886034205 0.273178577402 0.987761167779 3.0
0.608460333286 0.145917781667 0.787699905746 1.0
0.0964907475376 0.0 0.0341538786599 2.0
0.282482223659 0.475411878257 0.759457990357 3.0
0.249931524109 0.130009925261 0.673405490329 1.0
0.852672750978 0.533193217437 0.948634913103 1.0
0.418217873851 0.128489562462 0.389338517589 1.0
0.347046771773 0.479835534079 0.567227999228 3.0
0.811170882956 0.59298030737 0.655659567235 1.0
0.490155905909 0.489370152006 0.373158966714 3.0
0.190746441993 0.226842240645 0.390332402599 2.0
0.0623185388888 0.221778459741 0.925584925526 2.0
0.401454975732 0.150545315727 0.376845902379 1.0
0.328202206567 0.640883949113 0.966758559717 3.0
0.661203203576 0.290098319981 0.519420005536 1.0
0.260296034972 0.453026621431 0.529902423391 3.0
0.282449355231 0.186316505356 0.329944445133 2.0
0.124264568931 0.261175192402 0.709719475366 2.0
0.395615351747 0.161059839864 0.928897088637 1.0
0.156585189486 0.250225855499 0.4867900052 2.0
0.122270550984 0.0 0.42553741499 2.0
0.260339859542 0.62043369514 0.296815141519 3.0
0.433501692724 0.257013925242 0.328336169211 1.0
0.28099218827 0.646669741013 0.935795854602 3.0
0.162304295903 0.105017082511 0.462375491409 2.0
0.806262531088 0.511093724762 0.00374949612273 1.0
0.385513788305 0.0793161393311 0.26317296019 1.0
0.541879854941 0.400092134798 0.386895708766 3.0
0.346838605064 0.628948682868 0.0838617036157 3.0
0.0685744962913 0.391965686886 0.53551279804 2.0
0.362659274922 0.212323481003 0.258637326992 3.0
0.29698815641 0.470688260901 0.379710699196 3.0
0.195282285013 0.000934063483524 0.576496390085 2.0
0.47698662255 0.394552144046 0.441195235254 3.0
0.741785632115 0.288661946411 0.890300237081 1.0
0.386565577991 0.291193908568 0.999482990933 3.0
0.781260613763 0.429593674258 0.722401542528 1.0
0.340232051099 0.550135331649 0.957965864417 3.0
0.57395944036 0.421032891607 0.420669503134 3.0
0.441839317213 0.0 0.481314194555 1.0
0.381755831407 0.424927276657 0.982233420151 3.0
0.127167946709 0.151922366227 0.319646167493 2.0
0.704545703549 0.335277880779 0.081891049192 1.0
0.358495940749 0.459144976261 0.0378301908507 3.0
0.363415248759 0.0588230541973 0.78526240866 1.0
0.407480854141 0.497759801225 0.525063430993 3.0
0.143404949985 0.0 0.334052188406 2.0
0.728484875045 0.463685127104 0.0713277748957 1.0
0.17465186857 0.0 0.0354322366957 2.0
0.046804641022 0.212974744099 0.159929908679 2.0
0.534791230703 0.144410660198 0.886261546388 1.0
0.315734116332 0.387166828184 0.126986515861 3.0
0.387781709816 0.0553441696489 0.945525186191 1.0
0.78655243062 0.483064554255 0.0707706327046 1.0
0.445564405684 0.536830663325 0.240472366869 3.0
0.433644122577 0.433572669972 0.00603354302891 3.0
0.129129096228 0.0270782804952 0.281923981961 2.0
0.210916700448 0.0 0.286918785312 2.0
0.620051932116 0.428138036227 0.703703638127 3.0
0.59705498888 0.0728061375141 0.365549018184 1.0
0.129764552496 0.131409729815 0.0995649687404 2.0
0.498121021551 0.441476118592 0.110480588257 3.0
0.340001972106 0.504584200971 0.237712624405 3.0
0.182233519223 0.332532910082 0.896002681837 2.0
0.152147951749 0.0304159082579 0.751214174547 2.0
0.576325967153 0.170881847231 0.0436784132779 1.0
0.788842264416 0.431776629378 0.862067174587 1.0
0.750462897023 0.284855566012 0.0128992581864 1.0
0.384944068892 0.11641375647 0.714480562289 1.0
0.289209295191 0.503826911631 0.96620023714 3.0
0.080122270551 0.365532502947 0.0326713138463 2.0
1.0 1.0 0.37973902846 1.0
0.271087835395 0.068105656634 0.494163286336 1.0
0.347200157768 0.322603872616 0.524721119053 3.0
0.169075192006 0.109428214042 0.0671196988127 2.0
0.639772988726 0.265227039331 0.23671578843 1.0
0.372092513668 0.289551410037 0.254674181004 1.0
0.344483034413 0.517635371923 0.329799257655 3.0
0.340122489674 0.541037868817 0.159315517767 3.0
0.328004996001 0.634116816924 0.373442849546 3.0
0.108191907793 0.0 0.88266845141 2.0
0.564701499896 0.311536128586 0.236881632663 3.0
0.130137061343 0.235876078171 0.896427620796 2.0
0.758614267089 0.485279823956 0.528386217577 1.0
0.413879241397 0.11595872319 0.919704242484 1.0
0.755940968304 0.467460148975 0.704892286827 1.0
0.738619306914 0.584145806832 0.387474097905 1.0
0.648877543195 0.353459899732 0.562618001713 1.0
0.319240081952 0.407208417432 0.437563187538 3.0
0.0653205219506 0.133785233948 0.390398504215 2.0
0.118841278363 0.0304947348027 0.363686959273 2.0
0.772703866423 0.513901747134 0.056811387892 1.0
0.105288530014 0.0298949073415 0.0825166537709 2.0
0.709234932565 0.47936329185 0.166216644505 1.0
0.284213294183 0.469295053111 0.214264256555 3.0
0.0302718218969 0.0309200826469 0.74654279696 2.0
0.609172482552 0.160000724688 0.538927654732 1.0
0.341042805649 0.564878572464 0.113695959716 3.0
0.0567637746102 0.0 0.872920233646 2.0
0.766732768727 0.523231674179 0.585508637179 1.0
0.574540115916 0.489723939306 0.164889890643 3.0
0.628334775892 0.123321284998 0.677551005954 1.0
0.634021013881 0.125740528541 0.0576695285125 1.0
0.619646554841 0.561499308607 1.0 3.0
0.463904988332 0.387403642436 0.782077137045 3.0
0.170477578254 0.593218412294 0.465744313048 3.0
0.381558620841 0.581655002744 0.78314479618 3.0
0.093883185608 0.152892329489 0.175954828989 2.0
0.850448654038 0.767495824081 0.318642839395 1.0
0.856595050015 0.341246708968 0.0928521135697 1.0
0.0770874190615 0.230936488511 0.448701900008 2.0
0.762722820549 0.481988708157 0.81001333246 1.0
0.236061047626 0.48122276654 0.464667210825 3.0
0.402254774139 0.388613335912 0.194030079776 3.0
0.224841957644 0.144003668565 0.671021110613 2.0
0.46398168133 0.177844492197 0.49860566904 1.0
0.0990106603267 0.0369750033808 0.677010389167 2.0
0.292835778379 0.524057464695 0.611539099401 3.0
0.0064312556835 0.00849075179156 0.0952913812346 2.0
0.535919713387 0.147511903932 0.570564950444 1.0
0.107633144522 0.402822334481 0.118866050387 2.0
0.0453036494911 0.0872841215088 0.66526023675 2.0
0.105902073998 0.104456166394 0.595514769285 2.0
0.650060806591 0.343442570799 0.743750593882 1.0
0.396590448435 0.0 0.0680899761031 1.0
0.382467980673 0.425527199723 0.609298136584 3.0
0.520592069944 0.117188015746 0.801269032986 1.0
0.61142944792 0.153620028998 0.254307080959 1.0
0.153780416991 0.190002996747 0.426575564475 2.0
0.469536445608 0.458967724091 0.364784128058 3.0
0.701269816923 0.399816313596 0.262154877266 1.0
0.651101640135 0.305051748981 0.804942394212 1.0
0.150427837367 0.0 0.827897950909 2.0
0.45730939051 0.459375480566 0.848077239738 3.0
0.696219035202 0.473472716574 0.581166587286 1.0
0.333252988288 0.343500507592 0.878175312109 3.0
0.762941943401 0.261322806938 0.717329423895 1.0
0.708424178015 0.0 0.539874324303 1.0
0.16306026974 0.218718230668 0.315467010867 2.0
0.087265675501 0.156652867161 0.595924953419 2.0
0.751810502558 0.489815576957 0.730941045031 1.0
0.0957347737009 0.111941102947 0.625061011201 2.0
0.0826531394827 0.153018432839 0.2937313831 2.0
0.0698673211136 0.289971403986 0.0706880056847 2.0
0.403646204244 0.422067579636 0.52792822781 3.0
0.887951530025 0.756861410936 0.92488495663 1.0
0.742125272534 0.646134399307 0.719443495217 1.0
0.355986984103 0.0317545254396 0.658418719505 1.0
0.430565446518 0.302358309525 0.356448832333 3.0
0.846789302422 0.414807315467 0.202564270542 1.0
0.370701083562 0.39140821256 0.568792600868 3.0
0.787637088734 0.450026575875 0.225969554304 1.0
0.351188193661 0.439619177442 0.671106688598 3.0
0.422677023873 0.487728752936 0.266299212505 3.0
0.613368685153 0.101314768447 0.873783686003 1.0
0.796445827353 0.651792653777 0.505888650648 1.0
0.463433874202 0.00398879525362 0.413437868317 1.0
0.291816857121 0.437350894619 0.619873804933 3.0
0.0939927470336 0.0924408785379 0.81047191242 2.0
0.408686029823 0.674760194497 0.398405062439 3.0
0.250654629518 0.427056119194 0.556077482898 3.0
0.0478126061376 0.127214953008 0.55770936654 2.0
0.0546163706682 0.047249653897 0.769535535816 2.0
0.406122292463 0.0986522572954 0.663843183359 1.0
0.450702836545 0.106150052757 0.406995911733 1.0
0.742377263813 0.307124710238 0.47539160781 1.0
0.129622122643 0.0552671596042 0.951696834382 2.0
0.378008830651 0.144972006538 0.35452362277 1.0
0.0447887107907 0.147080485153 0.56123399913 2.0
0.16652241079 0.0 0.187061080844 2.0
0.189639871594 0.370493364779 0.326293511241 3.0
0.469098199906 0.523827725232 0.874278857929 3.0
0.479342193201 0.488639393128 0.287732071265 3.0
0.639126576315 0.113196065518 0.256489024476 1.0
0.822137981659 0.367413632231 0.814642806344 1.0
0.469777480745 0.548051423589 0.873741192107 3.0
0.468594217348 0.529449315081 0.0522733939225 3.0
0.0969399493826 0.169412011817 0.203437756181 2.0
0.343365507872 0.388343298828 0.756464531466 3.0
0.453726731892 0.207069971441 0.444598878279 3.0
0.139482650948 0.00577766545221 0.714608634169 2.0
0.245932532074 0.292366124778 0.413351700139 3.0
0.367731968928 0.357302418923 0.297831453864 3.0
0.535832064247 0.421593138486 0.382525329608 3.0
0.0959977211223 0.325160405326 0.362454046098 2.0
0.511608033044 0.60548370793 0.549354004253 3.0
0.403744809527 0.4128321584 0.235001277768 3.0
0.741062526706 0.560772278334 0.760568143389 1.0
0.00187350037799 0.388752489382 0.0223718558206 2.0
0.292244146681 0.492204083406 0.882331451208 3.0
0.0957457298434 0.362530688694 0.592912608352 2.0
0.730424112279 0.467404889129 0.292275967164 1.0
0.753037590525 0.422266773216 0.302603754454 1.0
0.76687519858 0.234610503415 0.895251956342 1.0
0.898491339169 0.399760814737 0.75826993185 1.0
0.274495195731 0.434273839019 0.947351833523 3.0
0.362483976642 0.67708325914 0.330398303549 3.0
0.453354223045 0.434080572966 0.583561590476 3.0
0.43185827134 0.31180544863 0.0220684966191 3.0
0.137565326 0.176408070825 0.27215274667 2.0
0.432022613478 0.170354536367 0.142155656321 1.0
0.416442978756 0.0509513943288 0.673063768583 1.0
0.759326416355 0.319503059106 0.858825834636 1.0
0.41633341733 0.0818798902394 0.143292368037 1.0
0.507499479583 0.626689147927 0.754830287052 3.0
0.726315558818 0.541503944506 0.460244894683 1.0
0.249033120419 0.217296962731 0.727175613697 1.0
0.065210960525 0.160993967833 0.275589440503 2.0
0.792216756324 0.398015444936 0.334161964304 1.0
0.661071729865 0.429188260113 0.850396108031 1.0
0.145727652208 0.270363384635 0.933096902018 2.0
0.30550107918 0.423307245364 0.336131438342 3.0
0.122577322976 0.317866870523 0.320520243325 2.0
0.622265072913 0.189600785378 0.501223765183 1.0
0.0939050978931 0.0919744204277 0.981860418175 2.0
0.0538384845464 0.287045834935 0.164789557833 2.0
0.118151041381 0.0 0.221141185379 2.0
0.43053257809 0.47434640533 0.0537288098581 3.0
0.143667897407 0.114204509901 0.0697183185874 2.0
0.769165032375 0.653136433643 0.0779615442046 1.0
0.512889901723 0.546621981401 0.188897171264 3.0
0.12815399954 0.0171262499612 0.762353477211 2.0
0.484075246787 0.458851420281 0.131240036804 3.0
0.024377417199 0.304754942422 0.358178688013 2.0
0.318451239688 0.553579941709 0.269862797834 3.0
0.0465088251728 0.254277702428 0.942487462825 2.0
0.376661225116 0.206700074653 0.945680997143 1.0
0.486901931568 0.112736299777 0.750753824008 1.0
0.022153320259 0.0 0.697343718369 2.0
0.294347726053 0.613038962159 0.524832075337 3.0
0.625267055975 0.0758745886404 0.859218312981 1.0
0.36080768683 0.406815909998 0.896814197211 3.0
0.569357860484 0.498528132974 0.700310028382 3.0
0.486803326285 0.398990331869 0.0242935242254 3.0
0.734784657018 0.360500893216 0.476917256712 1.0
0.189124932894 0.121463913624 0.933762049528 2.0
0.873511334129 0.452836605957 0.408034061218 1.0
0.156223636782 0.0168401033895 0.279116433865 2.0
0.0670735047604 0.0 0.347428912729 2.0
0.842297283972 0.592999858648 0.334075796126 1.0
0.125184884906 0.197270718128 0.513642606269 2.0
0.0273136634054 0.00162944841161 0.197532875226 2.0
0.218136798396 0.0562940080019 0.043644772277 2.0
0.119849243478 0.0 0.282608015647 2.0
0.194099021616 0.0475592715624 0.360005335345 2.0
0.343913315 0.528394263129 0.695814528309 3.0
0.223231404687 0.0 0.990682032932 2.0
0.288245154646 0.119268099595 0.860756946129 1.0
0.366855477523 0.550534866071 0.0 3.0
0.503369013838 0.440415951758 0.470140070504 3.0
0.0465526497431 0.254924997905 0.0638187493692 2.0
0.0667119520559 0.0 0.996608751028 2.0
0.0823134990632 0.0 0.66390633401 2.0
0.305260044044 0.604228267333 0.997276849503 3.0
0.427705893309 0.128739283426 0.776907636566 1.0
0.210555147744 0.159133489288 0.157649402931 2.0
0.689261884676 0.343852287182 0.658832444798 1.0
0.851927733284 0.316238903993 0.897008370707 1.0
0.306114623163 0.382448182302 0.492330146881 3.0
0.0240377767796 0.192049045121 0.301557932459 2.0
0.406166117034 0.633186960072 0.546701086722 3.0
0.170751481818 0.285411176036 0.479512925522 2.0
0.280225258291 0.557795512662 0.522761088103 3.0
0.0961620632608 0.20475001397 0.75047289214 2.0
0.317903432559 0.513541936702 0.572631806327 3.0
0.240049083519 0.58924739962 0.939263828665 3.0
0.141509537322 0.0 0.202711228599 2.0
0.120254620753 0.0 0.54397498526 2.0
0.866247411611 0.506808075146 0.337903197725 1.0
0.402736844412 0.519225478766 0.681022521175 3.0
0.547927645635 0.0587539315875 0.966461102445 1.0
0.0126543446583 0.019617818891 0.774477811989 2.0
0.784459807391 0.695657928935 0.362972235551 1.0
0.337635445312 0.677747811368 0.363061354694 3.0
0.597756182003 0.675750473879 0.213196597419 1.0
0.326098627195 0.00447117164114 0.711795184143 1.0
0.757069450988 0.522435999323 0.237230436725 1.0
0.518488490572 0.546523651381 0.486792956165 3.0
0.801978679347 0.436654458033 0.345670137592 1.0
0.487121054419 0.242427811688 0.83822986955 1.0
0.49978635522 0.547830336403 0.909247202928 3.0
0.309193299223 0.555468480401 0.650626991533 3.0
0.0776900069024 0.192265973477 0.121668876939 2.0
0.0669420310497 0.146172904329 0.962077148848 2.0
0.865710560626 0.372008182473 0.237982932799 1.0
0.200376891304 0.3815482499 0.548072695252 3.0
0.478553350936 0.219957274961 0.157681863546 1.0
0.241856847041 0.12407479793 0.657604253167 1.0
0.257852815181 0.480372357668 0.230109758192 3.0
0.277201362944 0.156096826914 0.92767361855 2.0
0.353401334458 0.563128518005 0.891107621103 3.0
0.404840423784 0.147039709505 0.168280549422 1.0
0.342817700744 0.0858204048319 0.1140176149 1.0
0.426774621191 0.530942860602 0.118781652788 3.0
0.386280718285 0.286548735336 0.471484530156 1.0
0.283183416783 0.4639753369 0.59670046702 3.0
0.358046738904 0.505894901414 0.492733838893 3.0
0.679478049368 0.336447659055 0.8603969284 1.0
0.0994160376015 0.00113631643126 0.00835595248002 2.0
0.361596529094 0.613020127921 0.398507165828 3.0
0.488512484524 0.172938938014 0.290567948625 1.0
0.35678678251 0.398993486843 0.148823656824 3.0
0.422501725592 0.291802436108 0.0578690137462 1.0
0.82902939533 0.77477439666 0.344564706105 1.0
0.0993612568887 0.306030985955 0.997849336712 2.0
0.585003232062 0.109883725349 0.329682399441 1.0
0.313685317673 0.366240603376 0.0323573311709 3.0
0.778280542986 0.303719202734 0.970362868362 1.0
0.779441894098 0.499192398387 0.197545859472 1.0
0.412531635862 0.183299633273 0.793788926917 1.0
0.84185903827 0.525761437414 0.344318005431 1.0
0.108641109638 0.128872796185 0.891755062823 2.0
0.426073428067 0.160456522811 0.190676012963 1.0
0.428111270584 0.701639233611 0.467448790429 3.0
0.526672729066 0.0741865341986 0.0765751808499 1.0
0.0797059371337 0.117821018235 0.131227052558 2.0
0.458010583634 0.0732917644808 0.593925969731 1.0
0.39075082445 0.596286289788 0.0954660783623 3.0
0.744535623898 0.310315392702 0.018543864029 1.0
0.458974724179 0.502227674485 0.890950039572 3.0
0.425580401652 0.209394087741 0.441080737812 1.0
0.812912909623 0.653509246392 0.995530468418 1.0
0.155588180513 0.397603147211 0.229734395445 2.0
0.0428166051297 0.0 0.327609641629 2.0
0.0269411545583 0.0 0.170602368681 2.0
0.350892377812 0.48260579237 0.700554368284 3.0
0.141005554764 0.0411434887386 0.874356763405 2.0
0.108246688506 0.0744556630323 0.419109032845 2.0
0.797431880184 0.481505375717 0.445521349937 1.0
0.191962573817 0.0 0.253967129791 2.0
0.550907716411 0.341349867054 0.520937981929 3.0
0.367425196937 0.544211390135 0.848196458724 3.0
0.10355745949 0.153664820067 0.638813098271 2.0
0.41038423192 0.560278190301 0.177341192343 3.0
0.194186670757 0.304716700314 0.870398338961 3.0
0.480635018023 0.27485004433 0.116692369572 3.0
0.00289242163619 0.185082623747 0.325459568534 2.0
0.281967284958 0.398497534507 0.374820950199 3.0
0.433687947148 0.46418471244 0.886811606263 3.0
0.342335630471 0.0732628438868 0.845594297791 1.0
0.543063118337 0.467786306352 0.580430026423 3.0
0.0772627173425 0.125894309617 0.647270563947 2.0
0.388866367929 0.441645435525 0.291286803698 3.0
0.120364182179 0.0576335334336 0.824881474491 2.0
0.542416705926 0.149378883635 0.985011458597 1.0
0.0628225214466 0.379337282436 0.93479960882 2.0
0.717397258773 0.609322785331 0.920226563288 1.0
0.846559223429 0.5130447893 0.321162373308 1.0
0.312140501572 0.190130342966 0.451466364016 1.0
0.148411907136 0.200504614173 0.265295884407 2.0
0.407195994434 0.459396991752 0.083663398768 3.0
0.179472571297 0.229335769483 0.743229453464 2.0
0.118852234505 0.0772145920984 0.0542068661873 2.0
0.387902227384 0.220598212688 0.605507917144 1.0
0.174388921149 0.0 0.807720432659 2.0
0.0671721100435 0.0290858477479 0.301626394847 2.0
0.738794605195 0.313501103691 0.393318188981 1.0
0.332562751307 0.588694992373 0.115625890823 3.0
0.763599311954 0.335334192283 0.881429636305 1.0
0.366822609096 0.421729375995 0.704112641875 3.0
0.471935840829 0.482175425249 0.335996284145 3.0
0.420091374229 0.346168229231 0.979998359263 3.0
0.156870049193 0.22000660728 0.891552626624 2.0
0.0588016171266 0.355408813152 0.0464104166704 2.0
0.415172066219 0.500377425703 0.940922270992 3.0
0.396305588728 0.475546681687 0.00147961384852 3.0
0.439593307988 0.118480216569 0.925322879835 1.0
0.120254620753 0.283878097736 0.517825894246 2.0
0.139197791242 0.0 0.558823060729 2.0
0.136897001304 0.265743498997 0.80075615527 2.0
0.390926122731 0.467349820494 0.315641117802 3.0
0.506195698618 0.147808423675 0.289047021266 1.0
0.126050420168 0.0 0.957384524313 2.0
0.250172559245 0.213175610771 0.317353267692 1.0
0.546722469953 0.39840178583 0.971129529067 3.0
0.788097246721 0.536663640919 0.226356720911 1.0
0.145486617072 0.186656716708 0.942029473058 2.0
0.538078073472 0.336444743094 0.714235632194 3.0
0.845036319613 0.470192451974 0.621581823472 1.0
0.410274670494 0.0951738985759 0.222458496153 1.0
0.683630427399 0.430477162554 0.285788565719 1.0
0.0 0.0847306481669 0.613043501355 2.0
0.169557262279 0.0219258257033 0.483016311164 2.0
0.445093291554 0.478213686286 0.136040666658 3.0
0.402156168856 0.0248959468098 0.87044732498 1.0
0.313126554403 0.510446763903 0.84437791002 3.0
0.283347758921 0.211574079098 0.804247737052 1.0
0.695583578934 0.575321679465 0.489899141918 1.0
0.371895303102 0.507029735964 0.739335950249 3.0
0.329768934953 0.0749857464494 0.40316555917 1.0
0.150373056654 0.121678451849 0.0136423111722 2.0
0.402835449695 0.490649207105 0.579237246372 3.0
0.708380353445 0.471633988228 0.403728603291 1.0
0.163542340013 0.00682162719308 0.0332272756514 2.0
0.473644999069 0.47101226716 0.897256251767 3.0
0.72405859345 0.315335051774 0.975245535042 1.0
0.21699735957 0.124396175043 0.779246571421 2.0
0.450089292562 0.497710325498 0.391305040661 3.0
0.112596277103 0.338607525502 0.366765405955 2.0
0.0768463839251 0.0994327309134 0.739680032768 2.0
0.189267362747 0.0249933207769 0.956881089685 2.0
0.346214104938 0.49533090155 0.911063816979 3.0
0.656886483407 0.163148815004 0.610409470001 1.0
0.462141049379 0.324892901782 0.655702651324 3.0
0.566903684551 0.195610054596 0.0440567269903 1.0
0.0569062044635 0.132117447823 0.922571400074 2.0
0.337799787451 0.599800643892 0.827029777007 3.0
0.0873861930691 0.272859925039 0.941355472653 2.0
0.15998159368 0.217885604375 0.22111580708 2.0
0.455457802417 0.556532949472 0.258148647189 3.0
0.602894612865 0.154041265816 0.0709665767803 1.0
0.0639510041305 0.22640073551 0.0169473919666 2.0
0.436142123081 0.518157902524 0.492909716406 3.0
0.229465449804 0.200522062135 0.13829815488 2.0
0.242634733163 0.713992533898 0.523752612342 3.0
0.462009575669 0.15826013515 0.897505903405 1.0
0.0768025593549 0.142066132173 0.0195737508123 2.0
0.041710034731 0.442732085019 0.316727663113 2.0
0.320368564636 0.372470147135 0.655267679084 3.0
0.577344888412 0.0707703667069 0.606478784627 1.0
0.466129085272 0.175784007428 0.143423390883 1.0
0.267735255771 0.105307626925 0.808117632547 1.0
0.175703658256 0.277099206099 0.551675233318 2.0
0.0930505187734 0.146435388596 0.0843580559279 2.0
0.745894185575 0.536971489887 0.289980116398 1.0
0.646587709399 0.0939594248368 0.00268006640852 1.0
0.129392043649 0.411901871325 0.0804214686245 2.0
0.751920063984 0.315974890041 0.638794802288 1.0
0.0835844116004 0.0818686566202 0.640442621142 2.0
0.788754615275 0.483640528202 0.766166714177 1.0
0.146790398037 0.0 0.650995862157 2.0
0.287500136952 0.469650226687 0.794202062016 3.0
0.122270550984 0.0790220097193 0.578266969082 2.0
0.840347090596 0.868995588725 0.869068043941 1.0
0.352502930768 0.324155689548 0.521839206639 3.0
0.49349752939 0.392304272948 0.913658305402 3.0
0.462053400239 0.481939136825 0.811862997319 3.0
0.764749706923 0.300618437027 0.0658909169888 1.0
0.457276522082 0.176675526566 0.910333158046 1.0
0.514708621389 0.321527739702 0.630458326177 3.0
0.868460552409 0.620000125243 0.924871972384 1.0
0.0505625979205 0.127221454167 0.90345386845 2.0
0.360533783266 0.338096754349 0.658791131288 3.0
0.410241802066 0.436120932826 0.777775220275 3.0
0.0062340451174 0.178970483259 0.612850508245 2.0
0.0955704315625 0.111920308801 0.12878306335 2.0
0.0659998027894 0.0259048692194 0.348917379472 2.0
0.572480361114 0.110463666914 0.847279298804 1.0
0.0915714395276 0.297647742289 0.841709647472 2.0
0.28667842626 0.347901648373 0.288070842046 3.0
0.20237090925 0.0 0.229173712096 2.0
0.0370974987127 0.345049982196 0.647838329612 2.0
0.455161986568 0.419569891969 0.655296008348 3.0
0.114820374043 0.134489271153 0.482933093951 2.0
0.0645755042565 0.10845299249 0.832746976589 2.0
0.0796840248485 0.30037392655 0.336490275685 2.0
0.244015207126 0.359479685529 0.959483840811 3.0
0.343683236006 0.561165885229 0.0153343945003 3.0
0.117318374547 0.179110879598 0.517123564577 2.0
0.759961872624 0.577925967008 0.307180701161 1.0
0.413703943116 0.588469746358 0.152377799064 3.0
0.142473677867 0.0 0.395546757745 2.0
0.415073460936 0.130443829777 0.194967896452 1.0
0.575800072311 0.516954040969 0.357949693129 3.0
0.427256691464 0.581770876331 0.497561617625 3.0
0.763621224239 0.320199782508 0.141013632868 1.0
0.1290962278 0.173651292877 0.969287536717 2.0
0.521906807051 0.480894075623 0.525982951685 3.0
0.172493508486 0.0902357907983 0.445599255413 2.0
0.756609293 0.393373856902 0.114928282698 1.0
0.36217720465 0.373677115861 0.280309804109 3.0
0.314233124801 0.586883941752 0.0446475101823 3.0
0.372969005073 0.480671602161 0.657842100945 3.0
0.327895434575 0.17189837026 0.876316204162 1.0
0.106647091692 0.131721594204 0.837778371905 2.0
0.0804619109704 0.371951870969 0.302115074651 2.0
0.0809330251005 0.00447934589169 0.230575420468 2.0
0.372037732955 0.40544124963 0.306264131434 3.0
0.108860232489 0.184785100148 0.0642755587505 2.0
0.395451009609 0.462906804605 0.459658833035 3.0
0.43643793893 0.507532763089 0.80196250976 3.0
0.70651780921 0.344332703661 0.958240894355 1.0
0.0 0.363367617224 0.716759297458 2.0
0.433194920732 0.0662595666815 0.835662530004 1.0
0.733754779617 0.436402346937 0.349944905484 1.0
0.164659866554 0.0651763589775 0.365733748593 2.0
0.492029406287 0.152079254474 0.211391197035 1.0
0.418338391419 0.638902004073 0.127396109802 3.0
0.409452959802 0.201139958992 0.760529190651 1.0
0.0 0.195436053005 0.512829910509 2.0
0.194865951596 0.159057100677 0.67361618923 2.0
0.427892147733 0.0623022733642 0.728589716123 1.0
0.405870301184 0.382386612509 0.93286318559 3.0
0.0705027773821 0.106001768984 0.509560831488 2.0
0.791745642194 0.370556846678 0.112900969746 1.0
0.308437325386 0.67637405925 0.938628780998 3.0
0.284103732758 0.419024559512 0.0895039486863 3.0
0.0825874026273 0.162958990741 0.108442061639 2.0
0.0144073274681 0.0598020999602 0.0656200184022 2.0
0.134672904364 0.294493820051 0.90654175822 2.0
0.53956810886 0.049453642176 0.934869251594 1.0
0.098879186616 0.0 0.609952070427 2.0
0.147228643739 0.112577642832 0.319558228736 2.0
0.763456882101 0.31619258324 0.0900723045443 1.0
0.278001161351 0.489740957044 0.85563052974 3.0
0.605480262509 0.165735272164 0.725856532345 1.0
0.41988320752 0.357930736755 0.92727405789 3.0
0.763018636398 0.221044880508 0.698809757779 1.0
0.482705728967 0.430030446932 0.847117585922 3.0
0.452663986064 0.552812422605 0.00356417552104 3.0
0.319031915243 0.164486380527 0.0455481446988 1.0
0.565950500148 0.0800026329691 0.431779296148 1.0
0.0331971119608 0.225596934207 0.412308238917 2.0
0.391079508727 0.492596495235 0.929749917521 3.0
0.0168395911168 0.0997600355537 0.707143282925 2.0
0.0995146428845 0.30298361579 0.667006027641 2.0
0.523090070448 0.394607212681 0.418764360133 3.0
0.781961806887 0.768050095632 0.574249525337 1.0
0.416114294479 0.0823735480487 0.182565580771 1.0
0.464376102462 0.180935123746 0.516860338499 1.0
0.248562006289 0.122258154401 0.072347038205 1.0
0.432899104883 0.470962074393 0.645679993815 3.0
0.130213754341 0.175872920328 0.918369225921 2.0
0.0541671688232 0.467972545417 0.502735249454 2.0
0.802318319766 0.71507951801 0.310176520824 1.0
0.192663766941 0.534536136856 0.759757218208 3.0
0.753092371238 0.359883713399 0.977554960248 1.0
0.151391977912 0.251145578192 0.812959575911 2.0
0.346893385777 0.666691492168 0.841320710285 3.0
0.949744174071 0.743678161304 0.843310841078 1.0
0.473458744645 0.596746581359 0.405673289222 3.0
0.263944430445 0.110773141172 0.832160914941 1.0
0.575679554742 0.481359338668 0.451475807104 3.0
0.677757934986 0.276883903032 0.952764493517 1.0
0.524832097115 0.197828096849 0.280246063265 1.0
0.407458941856 0.618064978982 0.178959501547 3.0
0.0658792852213 0.448304485957 0.180738343246 2.0
0.298259068947 0.399695133916 0.969125233643 3.0
0.756269652581 0.379524525357 0.781348248691 1.0
0.861612963308 0.513179640533 0.41586887328 1.0
0.33146713705 0.554162703629 0.168223890895 3.0
0.237792118151 0.482728023707 0.415255072561 3.0
0.383300647508 0.444517895848 0.321171816396 3.0
0.343102560451 0.533395996214 0.128019353609 3.0
0.836698695123 0.771720955561 0.328874425226 1.0
0.306257053017 0.524476167973 0.720407870578 3.0
0.00166533366932 0.0 0.401521281474 2.0
0.100204879866 0.15196271165 0.762255505173 2.0
0.825501517426 0.84253816885 0.199939682276 1.0
0.288979216198 0.095406075973 0.157386767047 1.0
0.386258806 0.508642357848 0.244944849415 3.0
0.210336024892 0.460259972717 0.580930510086 3.0
0.137148992583 0.222887624275 0.291701119183 2.0
0.278866696613 0.275058607225 0.815402384734 2.0
0.137280466293 0.0 0.0212410460345 2.0
0.681800751591 0.446205663475 0.116245593472 1.0
0.104269608756 0.183856677376 0.365218510105 2.0
0.779650060807 0.510775168004 0.399574234771 1.0
0.0174531351002 0.227164526009 0.211318013103 2.0
0.370251881717 0.0333485520988 0.569908065637 1.0
0.43506842111 0.495514272457 0.297895194708 3.0
0.185608011131 0.0220598642912 0.20757618949 2.0
0.758263670527 0.542059745741 0.630080602658 1.0
0.0487110098277 0.259103665224 0.0744552075974 2.0
0.102407064521 0.165872991554 0.955399115065 2.0
0.609544991399 0.407138243164 0.586475963505 3.0
0.721889277223 0.397073159399 0.243474678655 1.0
0.117811400962 0.125658308009 0.261552290214 2.0
0.0772955857702 0.0 0.473233862205 2.0
0.0866083069473 0.0 0.690077852358 2.0
0.585572951475 0.348900293217 0.933207268109 3.0
0.100730774709 0.350456364584 0.753577307315 2.0
0.678338610542 0.448975204726 0.0888010288244 1.0
0.171244508234 0.264884007624 0.696097230755 2.0
0.867660754002 0.724184103435 0.316570081582 1.0
0.134409956942 0.263640565488 0.147197675112 2.0
0.369024793751 0.369461688315 0.542586851326 3.0
0.285736197999 0.541067745464 0.891086964348 3.0
0.20947048963 0.170880508758 0.903206577583 2.0
0.33856671743 0.351395495147 0.0148586989431 3.0
0.690664270923 0.340467717232 0.961436789445 1.0
0.560253306016 0.0874029110562 0.597597560378 1.0
0.386335498998 0.483666532835 0.682089590117 3.0
0.468659954203 0.540642875646 0.0502460809709 3.0
0.703285747154 0.398771204592 0.818841439339 1.0
0.169119016577 0.0115545660623 0.421646272548 2.0
0.157790365168 0.501096807554 0.999678344816 2.0
0.0694728999814 0.444063053779 0.842632119129 2.0
0.154624039968 0.204089477163 0.0785104236937 2.0
0.0700097509669 0.0 0.111133341714 2.0
0.0963483176843 0.0390604411256 0.0841095846753 2.0
0.475847183724 0.0721052074804 0.384507787892 1.0
0.419992768946 0.447428741688 0.0301624034075 3.0
0.373253864779 0.480528003046 0.324173537989 3.0
0.337657357598 0.531166624736 0.583112453603 3.0
0.243653654421 0.538543097111 0.4266493386 3.0
0.314715195074 0.496374433067 0.14972015999 3.0
0.625278012117 0.185405817361 0.812593656252 1.0
0.793443844291 0.653903570326 0.0142767686461 1.0
0.30999309763 0.503210974682 0.460594288938 3.0
0.108421986787 0.0 0.544772926195 2.0
0.721144259529 0.196312370906 0.640071979938 1.0
0.0837597098813 0.388102708167 0.867306317839 2.0
0.781052447054 0.372711120217 0.0302060776895 1.0
0.0561830990545 0.133353528353 0.644439998324 2.0
0.150219670658 0.29766519025 0.168851266053 2.0
0.243664610564 0.486131188882 0.979099495326 3.0
0.165350103536 0.0 0.808206161497 2.0
0.0549669672302 0.359158069403 0.0803795649215 2.0
0.111106241714 0.393931618044 0.0581806356497 2.0
0.389709990906 0.698530198048 0.735518581931 3.0
0.513766393128 0.170319640444 0.262181435951 1.0
0.0895993338665 0.154425551197 0.785276573292 2.0
0.611166500499 0.172689312655 0.915244744184 1.0
0.0125776516604 0.0 0.19547723301 2.0
0.110240706452 0.187926450293 0.287082268773 2.0
0.812113111216 0.705200816718 0.681085081633 1.0
0.729711963012 0.490545236374 0.960202105691 1.0
0.130301403482 0.133238658622 0.926158002929 2.0
0.557755305512 0.722408665776 0.780811173062 3.0
0.437051482914 0.247835293536 0.131156229399 3.0
0.72217413693 0.18491775246 0.0749084758207 1.0
0.719577531143 0.167689969702 0.0163766753366 1.0
0.690193156793 0.526749374467 0.251657114393 1.0
0.403744809527 0.182242143386 0.386038748531 1.0
0.401750791581 0.52854340735 0.222838580444 3.0
0.425930998214 0.421948120852 0.590884705207 3.0
0.294479199763 0.534139996421 0.871766996526 3.0
0.506677768891 0.550039343959 0.248375051125 3.0
0.139811335225 0.372771542747 0.0866173147281 3.0
0.386554621849 0.485439628164 0.807905163067 3.0
0.748370273794 0.508872192916 0.408588842637 1.0
0.342510928752 0.461926420368 0.897320582804 3.0
0.380769778576 0.515809741498 0.774051692644 3.0
0.146899959462 0.134350930328 0.129137769342 2.0
0.332683268875 0.469708641507 0.818800716022 3.0
0.117329330689 0.0679426496494 0.399234283603 2.0
0.266584860802 0.531719175391 0.476847023745 3.0
0.498690740964 0.640660758612 0.389744570372 3.0
0.0676870487439 0.0579489830205 0.493195369818 2.0
0.11656240071 0.074975851304 0.765074857129 2.0
0.324444249669 0.159826818703 0.773807942935 1.0
0.245329944233 0.258141637199 0.113516541044 1.0
0.56014374459 0.182546502762 0.348065730975 1.0
0.58773131156 0.381170800296 0.180721817842 3.0
0.563331982076 0.433991707868 0.433036407236 3.0
0.272358747932 0.00733612695118 0.451770903603 1.0
0.676344592596 0.397964917551 0.016125843312 1.0
0.779288508102 0.339020540266 0.717425035161 1.0
0.298839744503 0.248214464035 0.64523026675 3.0
0.33364740942 0.494317055469 0.641283055972 3.0
0.20455118162 0.0992941510752 0.601181802461 2.0
0.77350366483 0.485290722957 0.585441355178 1.0
0.138956756105 0.00223840617602 0.477146251596 2.0
0.893988364577 0.536435144325 0.822645823411 1.0
0.766480777448 0.693040830286 0.600874311909 1.0
0.0890077021682 0.169914847733 0.314163274532 2.0
0.206709541705 0.168393050854 0.0505022247325 2.0
0.886198547215 0.694651396657 0.223692589714 1.0
0.612393588465 0.144723815258 0.52190825922 1.0
0.346071675085 0.0882420863097 0.287913260515 1.0
0.116036505867 0.488837582852 0.474070755878 3.0
0.767981768979 0.524200155559 0.714825235 1.0
0.582329933277 0.101815835665 0.871255889388 1.0
0.131386061595 0.0 0.947668767164 2.0
0.362801704776 0.453599440403 0.487887764178 3.0
0.0812178848071 0.0 0.601784979706 2.0
0.115948856727 0.0 0.74896140787 2.0
0.642774971788 0.313426388173 0.0318863571577 1.0
0.383662200213 0.476094547684 0.0347411206939 3.0
0.776166007472 0.355463069142 0.87271838764 1.0
0.153506513427 0.0193547131892 0.27052145322 2.0
0.383629331785 0.475776851373 0.973300849111 3.0
0.776122182902 0.745733148771 0.0122636203265 1.0
0.0331313751055 0.130207015524 0.227990965326 2.0
0.0605436437939 0.0245641487218 0.78040748105 2.0
0.0560187569161 0.0 0.507980884829 2.0
0.228446528546 0.348031958356 0.848292660183 2.0
0.449190888872 0.43796668816 0.654538200537 3.0
0.173359043748 0.0474070679733 0.430736425118 2.0
0.388198043233 0.353662057075 0.403138410292 3.0
0.588465373111 0.580789918463 0.819147749506 3.0
0.705257852815 0.437378715753 0.515680542694 1.0
0.101771608252 0.462087802063 0.80807690923 2.0
0.66408466907 0.173050796179 0.16915580564 1.0
0.20091374229 0.250428443065 0.739210829333 2.0
0.250293076814 0.70345315239 0.886825180702 3.0
0.81816090191 0.69054443329 0.714135889577 1.0
0.374075575471 0.650571296459 0.214289634853 3.0
0.15506228567 0.150176040373 0.249724822514 2.0
0.102187941669 0.0 0.0706998095447 2.0
0.208068103382 0.0217382481644 0.609152358913 2.0
0.100719818566 0.0243941625526 0.00899395111195 2.0
0.0250347857526 0.184717555025 0.363082601642 2.0
0.104006661335 0.32142592009 0.331622363829 2.0
0.0259770140129 0.205043426543 0.00673233153974 2.0
0.152980618584 0.0 0.847442782264 2.0
0.0251881717485 0.178476729845 0.411431212121 2.0
0.0576512221577 0.0957290305736 0.813892671042 2.0
0.0510446681932 0.119632164462 0.10804486175 2.0
0.192630898513 0.305082581681 0.516669706161 2.0
0.304032956077 0.408556738549 0.0752791170241 3.0
0.108115214795 0.128827001261 0.25476389034 2.0
0.200858961577 0.188880447475 0.196029063464 2.0
0.0414142188818 0.471151516235 0.193598058501 2.0
0.199292233191 0.0989018348516 0.25305764238 2.0
0.122106208846 0.163036956838 0.372224101003 2.0
0.754286590777 0.47681765814 0.394621335123 1.0
0.291159488567 0.509102936234 0.510794925048 3.0
0.527110974768 0.436654505836 0.429004798859 3.0
0.479407930056 0.376809096688 0.785718037655 3.0
